konder1971@mail.ru
kum1971kum

ТБ
272 674

ВВ
52 67 79

Батя
23 25 41

Таня
068 928 55 42

Дмитрий Сергеич
066 336 05 58
098 102 00 17

Мама
050 226 95 38

Лебедь
050 163 78 74
093 225 15 00

Камил
050 166 99 97

Мисюра
067 948 03 92

Лободин
099 900 88 286
067 606 777 0

Кум
095 602 06 32

Рома Саенко
067 599 25 53
700 49 64

Таманцев
067 723 92 24

Важик
067 280 64 75

Брат
066 428 49 60

Игорь Медит
099 285 00 89

Рома Бездетко
067 57 800 13

Женя нащ ПХП
097 51 50 777

Денис наш
050 80 76 924

Охапкин
095 521 388 91

Павел Васильевич
050 404 41 888

Бестнет
Черноморченко Ольга Владимировна, +38 (063) 416-33-90, olka@wnet.ua
Гунько Наталія Валентинівна, +38 (073) 084-31-90, nvg@wnet.ua























